a <- c(3,2,4,)
a <- a*4
